0.000000 2.500000 -2.500000 0.000000 78.000000 -84.000000 53.000000 -72.000000 -31.000000
-1.000000 2.500000 -3.500000 0.000000 78.000000 -84.000000 53.000000 -72.000000 -31.000000
2.000000 2.500000 -2.500000 0.000000 78.000000 -84.000000 53.000000 -23.000000 55.000000
4.000000 2.500000 -2.500000 0.000000 78.000000 -84.000000 53.000000 -102.000000 55.000000
7.000000 2.500000 -2.500000 0.000000 78.000000 -84.000000 53.000000 -102.000000 21.000000
9.000001 2.500000 -2.500000 0.000000 78.000000 -84.000000 53.000000 -64.999939 59.000034
11.000001 2.500000 -2.500000 0.000000 78.000000 -84.000000 53.000000 -48.999939 97.000031
13.000001 2.500000 -2.500000 0.000000 78.000000 -84.000000 53.000000 -79.999939 46.000031
15.000001 2.500000 -2.500000 0.000000 78.000000 -84.000000 53.000000 -37.999939 85.000031
17.000086 2.500000 -2.500000 0.000000 78.000000 -84.000000 53.000000 -94.000099 45.000504
19.000086 2.500000 -2.500000 0.000000 78.000000 -84.000000 53.000000 -94.000099 45.000504
21.000086 2.500000 -2.500000 0.000000 78.000000 -84.000000 53.000000 -50.000099 88.000504
23.000086 2.500000 -2.500000 0.000000 78.000000 -84.000000 53.000000 -50.000099 88.000504
25.000086 2.500000 -2.500000 0.000000 78.000000 -84.000000 53.000000 -90.000099 37.000504
27.000086 2.500000 -2.500000 0.000000 78.000000 -84.000000 53.000000 -90.000099 37.000504
29.000086 2.500000 -2.500000 0.000000 78.000000 -84.000000 53.000000 -57.000099 100.000504
31.000086 2.500000 -2.500000 0.000000 78.000000 -84.000000 53.000000 -57.000099 100.000504
33.000084 2.500000 -2.500000 0.000000 78.000000 -84.000000 53.000000 -83.000099 65.000504
35.000084 2.500000 -2.500000 0.000000 78.000000 -84.000000 53.000000 -83.000099 65.000504
35.000084 2.500000 -2.500000 0.000000 78.000000 -84.000000 53.000000 -39.000099 95.000504
37.000084 2.500000 -2.500000 0.000000 78.000000 -84.000000 53.000000 -39.000099 95.000504
37.000084 2.500000 -2.500000 0.000000 78.000000 -84.000000 53.000000 -84.000099 30.000504
39.000084 2.500000 -2.500000 0.000000 78.000000 -84.000000 53.000000 -84.000099 30.000504
42.000084 2.500000 -2.500000 0.000000 78.000000 -84.000000 53.000000 -42.000099 78.000504
44.000084 2.500000 -2.500000 0.000000 78.000000 -84.000000 53.000000 -42.000099 78.000504
44.000084 2.500000 -2.500000 0.000000 78.000000 -84.000000 53.000000 -42.000099 78.000504
45.000084 2.500000 -2.500000 0.000000 175.000000 -84.000000 53.000000 -42.000099 78.000504
45.000084 2.500000 -4.500000 0.000000 175.000000 -84.000000 53.000000 -42.000099 78.000504
45.000084 2.500000 -4.500000 0.000000 175.000000 -84.000000 53.000000 -81.000099 40.000504
46.000084 2.500000 -5.500000 0.000000 175.000000 -84.000000 53.000000 -81.000099 40.000504
46.000084 2.500000 -7.500000 0.000000 175.000000 -84.000000 53.000000 -81.000099 40.000504
46.000084 2.500000 -9.500000 0.000000 175.000000 -84.000000 53.000000 -81.000099 40.000504
46.000084 2.500000 -11.500000 0.000000 175.000000 -84.000000 53.000000 -40.000099 70.000504
46.000084 2.500000 -13.500000 0.000000 175.000000 -84.000000 53.000000 -40.000099 70.000504
46.000084 2.500000 -15.500000 0.000000 175.000000 -84.000000 53.000000 -40.000099 70.000504
46.000084 2.500000 -16.500000 0.000000 175.000000 -84.000000 53.000000 -93.000099 29.000504
46.000084 2.500000 -18.500000 0.000000 175.000000 -84.000000 53.000000 -93.000099 29.000504
46.000084 2.500000 -20.500000 0.000000 175.000000 -84.000000 53.000000 -44.000099 76.000504
46.000084 2.500000 -22.500000 0.000000 175.000000 -84.000000 53.000000 -44.000099 76.000504
46.000084 2.500000 -22.500000 0.000000 175.000000 -84.000000 53.000000 -96.000099 37.000504
46.000084 2.500000 -24.500000 0.000000 175.000000 -84.000000 53.000000 -96.000099 37.000504
46.000084 2.500000 -26.500000 0.000000 175.000000 -84.000000 53.000000 -96.000099 37.000504
46.000084 2.500000 -26.500000 0.000000 175.000000 -84.000000 53.000000 -36.000099 69.000504
46.000084 2.500000 -28.500000 0.000000 175.000000 -84.000000 53.000000 -36.000099 69.000504
46.000084 2.500000 -28.500000 0.000000 175.000000 -84.000000 53.000000 -77.000099 28.000504
46.000084 2.500000 -30.500000 0.000000 175.000000 -84.000000 53.000000 -77.000099 28.000504
46.000084 2.500000 -30.500000 0.000000 175.000000 -84.000000 53.000000 -77.000099 28.000504
46.000084 2.500000 -32.500000 0.000000 175.000000 -84.000000 53.000000 -77.000099 28.000504
46.000084 2.500000 -34.500000 0.000000 175.000000 -84.000000 53.000000 -77.000099 28.000504
46.000084 2.500000 -36.500000 0.000000 175.000000 -84.000000 53.000000 -44.000099 81.000504
46.000084 2.500000 -36.500000 0.000000 188.000000 -84.000000 53.000000 -44.000099 81.000504
46.000084 2.500000 -36.500000 0.000000 277.000000 -84.000000 53.000000 -44.000099 81.000504
44.000084 2.500000 -36.500000 0.000000 277.000000 -84.000000 53.000000 -44.000099 81.000504
42.000084 2.500000 -36.500000 0.000000 277.000000 -84.000000 53.000000 -44.000099 81.000504
40.000084 2.500000 -36.500000 0.000000 277.000000 -84.000000 53.000000 -44.000099 81.000504
38.000084 2.500000 -36.500000 0.000000 277.000000 -84.000000 53.000000 -44.000099 81.000504
37.000084 2.500000 -36.500000 0.000000 277.000000 -84.000000 53.000000 -97.000099 33.000504
35.000084 2.500000 -36.500000 0.000000 277.000000 -84.000000 53.000000 -66.000099 98.000504
33.000084 2.500000 -36.500000 0.000000 277.000000 -84.000000 53.000000 -66.000099 98.000504
31.000084 2.500000 -36.500000 0.000000 277.000000 -84.000000 53.000000 -107.000099 53.000504
29.000084 2.500000 -36.500000 0.000000 277.000000 -84.000000 53.000000 -107.000099 53.000504
27.000084 2.500000 -36.500000 0.000000 277.000000 -84.000000 53.000000 -107.000099 53.000504
25.000084 2.500000 -36.500000 0.000000 277.000000 -84.000000 53.000000 -107.000099 53.000504
23.000084 2.500000 -36.500000 0.000000 277.000000 -84.000000 53.000000 -107.000099 53.000504
23.000084 2.500000 -36.500000 0.000000 277.000000 -84.000000 53.000000 -35.000099 83.000504
21.000084 2.500000 -36.500000 0.000000 277.000000 -84.000000 53.000000 -35.000099 83.000504
19.000084 2.500000 -36.500000 0.000000 277.000000 -84.000000 53.000000 -35.000099 83.000504
17.000084 2.500000 -36.500000 0.000000 277.000000 -84.000000 53.000000 -81.000099 38.000504
17.000084 2.500000 -36.500000 0.000000 277.000000 -84.000000 53.000000 -81.000099 38.000504
17.000084 2.500000 -36.500000 0.000000 277.000000 -84.000000 53.000000 -33.000099 84.000504
14.000084 2.500000 -36.500000 0.000000 277.000000 -84.000000 53.000000 -33.000099 84.000504
12.000084 2.500000 -36.500000 0.000000 277.000000 -84.000000 53.000000 -33.000099 84.000504
10.000084 2.500000 -36.500000 0.000000 277.000000 -84.000000 53.000000 -33.000099 84.000504
8.000084 2.500000 -36.500000 0.000000 277.000000 -84.000000 53.000000 -33.000099 84.000504

